OBJECT_INIT: [0.45, 0.0, 0.071, 0.5, 0.5, 0.5, 0.5]
# OBJECT_FINAL: [0.45, 0.0, 0.027, 0.707, 0.707, 0.0, 0] # DEFAULT
# OBJECT_FINAL: [0.45, 0.1, 0.027, 0.707, 0.707, 0.0, 0] #translate a little
OBJECT_FINAL: [0.45, 0.1, 0.027, 7.96083799e-01, 6.05186406e-01, 3.70569797e-17, 4.87460738e-17] #rotate and translate a little

# PALM_LEFT: [0.043, 0.065, 0.0, 0.0, 0.0, -0.707, 0.707]
# PALM_RIGHT: [-0.043, 0.065, 0.0, 0.0, 0.0, 0.707, 0.707]
PALM_LEFT: [0.043, 0.081, 0.0, 0.0, 0.0, -0.707, 0.707]
PALM_RIGHT: [-0.043, 0.081, 0.0, 0.0, 0.0, 0.707, 0.707]

RIGHT_INIT: [ 0.9936, -2.1848, -0.9915, 0.8458, -2.5213,  1.5486,  0.1127]
LEFT_INIT: [-1.0777, -2.1187, 0.995, 1.002 ,  2.5997,  1.8132,  2.6405]