OBJECT_INIT: [0.3, -0.2, 0.02, 0, 0, 0.17365, 0.98481] #STANDARD DEFAULT
# OBJECT_INIT: [0.5, -0.05, 0.027777831272377665, -0.006677397240699654, -0.009266691779795186, -0.011730519299208837, 0.9998659588697473]
# OBJECT_INIT: [0.3, -0.2, 0.02, -0.007008648232757453, 0.0019098461832132076, 0.5471545719627792, 0.8370000631527658]
OBJECT_FINAL: [0.4, 0.1, 0.026, 0.0, 0.0, 0.258, 0.965] # STANDARD DEFAULT
# OBJECT_FINAL: [0.4, 0.0, 0.026, 0.0, 0.0, 0.0, 0.1] 

PALM_LEFT: [0.244, 0.559, 0.187, 0.3639, 0.877, -0.146, 0.277]
PALM_RIGHT: [-0.0343, 0.0142, 0.03257, 0.4055, 0.579, 0.579, 0.405]  # default
# PALM_RIGHT: [0.025, 0.025, 0.03257, 0.4055, 0.579, 0.579, 0.405]

RIGHT_INIT: [0.417, -1.038, -1.45, 0.26, 0.424, 1.586, 2.032]

X_BOUNDS: [0.1, 0.55]
Y_BOUNDS: [-0.4, 0.4]
YAW_BOUNDS: [-np.pi/2, np.pi/2]
DEFAULT_Z: 0.0
NUM_GRASP_SAMPLES: 10
