OBJECT_INIT: [0.3, -0.2, 0.02, 0, 0, 0.17365, 0.98481]
OBJECT_FINAL: [0.4, 0.1, 0.026, 0.0, 0.0, 0.258, 0.965]

PALM_LEFT: [0.244, 0.559, 0.187, 0.3639, 0.877, -0.146, 0.277]
PALM_RIGHT: [-0.0343, 0.0142, 0.03257, 0.4055, 0.579, 0.579, 0.405]

RIGHT_INIT: [0.417, -1.038, -1.45, 0.26, 0.424, 1.586, 2.032]
