OBJECT_INIT: [0.3, -0.2, 0.02, 0, 0, 0.17365, 0.98481]
OBJECT_FINAL: [0.4, .1, 0.02, 0, 0, 0.17365, 0.98481]

PALM_RIGHT: [0.0, -0.08, 0.025, 1.0, 0.0, 0.0, 0.0]
PALM_LEFT: [-0.0672, -0.250, 0.205, 0.955, 0.106, 0.275, 0.0]
